2
1.83742
1.67596
1.51659
1.36017
1.21047
1.07115
0.958293
0.898123
0.886636
0.894645
0.890632
0.876113
0.886485
0.882993
0.893742
0.900179
0.882147
0.896148
0.885572
0.890101
0.889612
0.930086
0.897667
0.886961
0.885495
0.895436
0.889006
0.904736
0.884794
0.88835
0.894414
0.906143
0.885411
0.893166
0.895981
0.892837
0.896723
0.888887
0.888455
0.889703
0.896108
0.891426
0.891259
0.884917
0.882937
0.888925
0.889294
0.879971
0.887493
0.885633
0.881775
0.912052
0.894377
0.885789
0.886023
0.890293
0.887923
0.886067
0.881623
0.883337
0.879752
0.888423
0.885911
0.8877
0.881466
0.908074
0.889962
0.88437
0.890146
0.890344
0.881311
0.923801
0.895426
0.887581
0.883116
0.887668
0.883806
0.893626
0.890971
0.886484
0.885689
0.888526
0.885702
0.888504
0.895164
0.892044
0.879771
0.892959
0.900478
0.888948
0.887261
0.888088
0.894206
0.901281
0.885127
0.896582
0.896501
0.90774
0.880374
